3 7 19

0 0 -385.989990234375 387.1199951171875
1 0 -38.439998626708984 492.1199951171875
2 0 -667.91998291015625 123.11000061035156
0 1 383.8800048828125 -15.299989700317383
1 1 559.75 -106.15000152587891
0 2 591.54998779296875 136.44000244140625
1 2 863.8599853515625 -23.469970703125
2 2 494.72000122070312 112.51999664306641
0 3 592.5 125.75
1 3 861.08001708984375 -35.219970703125
2 3 498.54000854492187 101.55999755859375
0 4 348.72000122070312 558.3800048828125
1 4 776.030029296875 483.52999877929687
2 4 7.7800288200378418 326.35000610351562
0 5 14.010009765625 96.420013427734375
1 5 207.1300048828125 118.36000061035156
0 6 202.75999450683594 340.989990234375
1 6 543.18011474609375 294.80999755859375
2 6 -58.419979095458984 110.83000183105469

0.29656188120312943
-0.03531835438428587
0.31252101755032047
0.47230274932665989
-0.35723408637441134
-2.0517704282499576
1430.031982421875
-7.5572756941255648e-008
3.2377570134516087e-014

0.28532097290364833
-0.27699838355720618
0.048601170006498565
-1.2598695987678452
-0.04906379852479037
-1.9586867140054638
1432.137451171875
-7.317191830225056e-008
3.1759419042137055e-014

0.057491325683772541
0.34853090049579966
0.47985129303736057
8.196390428906339
6.5146840788718787
-3.8392804395897406
1572.047119140625
-1.5962623223231276e-008
-1.6507904730136101e-014

-11.317351620610928
3.3594874875767187
-42.755222607849106

4.2648515634753199
-8.4629358700849355
-22.252086323427271

10.996977688149537
-9.2123370180278048
-29.206739014051372

10.935342607054865
-9.4338917557810742
-29.1122639091755

15.71402493540176
1.3745079651566265
-59.286834979937105

-1.3624227800805182
-4.1979357415396095
-21.034430148188399

6.7690173115899297
-4.7352452433700787
-53.605307875695893

