VERTEX_SE3:QUAT 0 0 0 0 0 0 0 1
VERTEX_SE3:QUAT 1 1.00137 0.01539 0.004948 0.190253 0.283162 -0.392318 0.85423
VERTEX_SE3:QUAT 2 1.9935 0.023275 0.003793 0.351729 0.597838 -0.584174 -0.421446
VERTEX_SE3:QUAT 3 2.00429 1.02431 0.018047 0.331798 -0.200659 0.919323 0.067024
VERTEX_SE3:QUAT 4 0.999908 1.05507 0.020212 -0.035697 -0.46249 0.445933 0.765488
EDGE_SE3:QUAT 0 1 1.00137 0.01539 0.004948 0.190253 0.283162 -0.392318 0.85423 10000 0 0 0 0 0 10000 0 0 0 0 10000 0 0 0 10000 0 0 10000 0 10000
EDGE_SE3:QUAT 1 2 0.523923 0.776654 0.326659 -0.311512 -0.656877 0.678505 -0.105373 10000 0 0 0 0 0 10000 0 0 0 0 10000 0 0 0 10000 0 0 10000 0 10000
EDGE_SE3:QUAT 2 3 0.910927 0.055169 -0.411761 0.595795 -0.561677 0.079353 0.568551 10000 0 0 0 0 0 10000 0 0 0 0 10000 0 0 0 10000 0 0 10000 0 10000
EDGE_SE3:QUAT 3 4 0.775288 0.228798 -0.596923 -0.592076 0.30338 -0.513225 0.542222 10000 0 0 0 0 0 10000 0 0 0 0 10000 0 0 0 10000 0 0 10000 0 10000
EDGE_SE3:QUAT 1 4 -0.577841 0.628016 -0.543592 -0.12525 -0.534379 0.769122 0.327419 10000 0 0 0 0 0 10000 0 0 0 0 10000 0 0 0 10000 0 0 10000 0 10000
EDGE_SE3:QUAT 3 0 -0.623267 0.086928 0.773222 0.104639 0.627755 0.766795 0.083672 10000 0 0 0 0 0 10000 0 0 0 0 10000 0 0 0 10000 0 0 10000 0 10000
